# Basis set for element : H
 NewGTO H
 S 3
   1      13.0100000000      0.0334987264
   2       1.9620000000      0.2348008012
   3       0.4446000000      0.8136829579
 S 1
   1       0.1220000000      1.0000000000
 P 1
   1       0.7270000000      1.0000000000
  end;

 # Basis set for element : C 
 NewGTO C 
 S 8
   1    6665.0000000000      0.0006915840
   2    1000.0000000000      0.0053257962
   3     228.0000000000      0.0270607210
   4      64.7100000000      0.1016568461
   5      21.0600000000      0.2745748236
   6       7.4950000000      0.4482943189
   7       2.7970000000      0.2849026107
   8       0.5215000000      0.0151948592
 S 8
   1    6665.0000000000     -0.0002932697
   2    1000.0000000000     -0.0023180355
   3     228.0000000000     -0.0114997860
   4      64.7100000000     -0.0468267270
   5      21.0600000000     -0.1284661688
   6       7.4950000000     -0.3012662725
   7       2.7970000000     -0.2556307023
   8       0.5215000000      1.0937933610
 S 1
   1       0.1596000000      1.0000000000
 P 3
   1       9.4390000000      0.0569792516
   2       2.0020000000      0.3132072115
   3       0.5456000000      0.7603767417
 P 1
   1       0.1517000000      1.0000000000
 D 1
   1       0.5500000000      1.0000000000
  end;
